params 1024
536881153
535427269
536896513
535110830
536902657
536108921
536903681
534445093
536906753
535375688
536921089
536472175
536924161
536116679
536939521
536773287
536952833
535283091
536973313
536480698

params 2048
536881153
536049750
536903681
536842487
536924161
536750276
536952833
536858047
536973313
536954772
536977409
536764423
536989697
536234621
537026561
536891888
537047041
536975724
537069569
536037437

params 4096
536903681
536776083
536924161
536888855
536952833
536708205
536973313
536881973
536977409
536931461
536989697
536273688
537026561
536734969
537047041
536975111
537071617
536343495
537120769
536957289

params 8192
536903681
536668007
536952833
536836385
536977409
536973454
537026561
536788344
537133057
536892410
537149441
537094610
537272321
537236599
537296897
537104710
537444353
537374535
537542657
537446583

params 16384
536903681
536825675
536952833
536951244
537133057
537099506
537149441
537145338
537296897
537277856
537444353
537369917
537542657
537453876
537591809
537537375
537673729
537669089
537722881
537702861

params 32768	
536903681
536874549
537133057
537128519
537296897
537194528
537591809
537549317
537722881
537699283
537886721
537824596
538116097
538045233
538411009
538397402
538673153
538553472
539394049
539354946

params 65536
537133057
537072419
537591809
537589135
537722881
537720430
538116097
538095263
539754497
539752589
540082177
540052602
540540929
540538853
540672001
540640756
541327361
541301644
541655041
541650743

