params 1024 15
37889 37794
39937 39794
40961 40921
50177 50142
58369 58340
59393 59384
61441 61420
64513 64357
65537 65106
70657 70604

params 1024 16
65537 65106
70657 70604
76801 76570
79873 79643
80897 80891
83969 83640
86017 85935
87041 87011
95233 95010
101377 101332

params 1024 17
133121 132667
136193 135063
138241 138037
147457 147241
151553 151515
163841 163596
176129 176095
184321 184250
187393 186313
188417 187856

params 1024 18
270337 269906
279553 278698
285697 285330
286721 286291
295937 295383
301057 301007
307201 305870
310273 310098
319489 319473
320513 319785

params 1024 19
525313 524781
531457 530957
534529 533743
557057 557029
566273 565505
572417 571433
575489 575398
577537 577187
592897 590061
617473 617458

params 1024 20
1051649 1044868
1053697 1053617
1054721 1053069
1062913 1062038
1067009 1063377
1070081 1069539
1072129 1071947
1073153 1072798
1075201 1073684
1079297 1076309

params 1024 21
2101249 2099504
2102273 2100718
2107393 2102971
2119681 2118881
2122753 2114146
2123777 2122306
2126849 2125714
2132993 2131855
2147329 2145744
2148353 2144243

params 1024 22
4205569 4204827
4206593 4205603
4208641 4208255
4221953 4214413
4228097 4226697
4263937 4245952
4264961 4263347
4270081 4262676
4273153 4266418
4274177 4244713

params 1024 23
8399873 8384586
8404993 8402100
8426497 8423137
8427521 8414208
8441857 8426108
8444929 8418100
8451073 8427451
8452097 8447935
8455169 8423673
8457217 8433313

params 1024 24
16780289 16771672
16801793 16782995
16807937 16754330
16813057 16801751
16831489 16830964
16832513 16818348
16843777 16820967
16844801 16837753
16863233 16852701
16868353 16855935

params 1024 25
33564673 33278458
33573889 33559375
33574913 33570961
33586177 33358929
33604609 33511899
33616897 33567375
33617921 33589211
33650689 33644940
33657857 33637224
33673217 33651057

params 1024 26
67126273 66868222
67127297 66870467
67130369 67003584
67148801 67058749
67153921 67138229
67173377 66986315
67179521 67119282
67193857 67096093
67209217 67205314
67212289 66986196

params 1024 27
134224897 133883332
134228993 133590537
134246401 133475494
134250497 134174606
134253569 133919871
134255617 133880987
134261761 133891717
134275073 134155798
134290433 134227553
134296577 134250599

params 1024 28
268440577 267691169
268441601 268006024
268450817 267685485
268456961 267116545
268460033 267895612
268477441 268277325
268495873 268427882
268496897 268120065
268506113 268354221
268508161 268435783

params 1024 29
536881153 535427269
536896513 535110830
536902657 536108921
536903681 534445093
536906753 535375688
536921089 536472175
536924161 536116679
536939521 536773287
536952833 535283091
536973313 536480698

params 1024 30
1073750017 1071388583
1073753089 1073401244
1073754113 1072974340
1073759233 1070320617
1073775617 1073693332
1073814529 1066469462
1073815553 1070626401
1073820673 1072164956
1073842177 1072839543
1073843201 1068354410

params 2048 15
40961 40929
59393 59390
61441 61380
65537 65504
79873 79780
83969 83850
86017 85942
114689 114673
120833 120662
133121 133082

params 2048 16
65537 65504
79873 79780
83969 83850
86017 85942
114689 114673
120833 120662
133121 133082
147457 147295
151553 151372
163841 163670

params 2048 17
133121 133082
147457 147295
151553 151372
163841 163670
176129 175976
184321 183930
188417 188219
202753 202470
249857 249643
270337 270163

params 2048 18
270337 270163
286721 286615
301057 300883
307201 307110
319489 319485
329729 329646
331777 331685
366593 366252
380929 380899
417793 417087

params 2048 19
534529 534400
557057 556938
575489 574503
577537 576934
638977 637924
643073 642637
649217 646168
667649 667496
673793 673604
675841 675511

params 2048 20
1054721 1054076
1062913 1061208
1067009 1066267
1073153 1070953
1075201 1073182
1079297 1076761
1093633 1093109
1097729 1097060
1103873 1102762
1124353 1123928

params 2048 21
2101249 2096069
2107393 2105578
2119681 2117334
2123777 2119699
2148353 2147960
2209793 2209479
2236417 2234183
2254849 2254441
2277377 2273883
2297857 2297094

params 2048 22
4206593 4205261
4208641 4204026
4263937 4261276
4270081 4269048
4274177 4272695
4294657 4291937
4300801 4296832
4304897 4304097
4319233 4306643
4323329 4317840

params 2048 23
8404993 8388789
8427521 8418612
8441857 8441016
8452097 8450817
8466433 8461395
8513537 8506766
8519681 8495497
8527873 8523830
8562689 8559329
8574977 8568602

params 2048 24
16801793 16771923
16807937 16800533
16832513 16825577
16844801 16833832
16863233 16859289
16900097 16898444
16914433 16888349
16957441 16953819
16986113 16962114
16992257 16986397

params 2048 25
33564673 33563833
33574913 33538434
33617921 33469078
33650689 33636473
33673217 33620857
33681409 33674760
33687553 33651069
33697793 33654087
33703937 33636229
33710081 33705780

params 2048 26
67127297 67111278
67153921 67040009
67209217 67105530
67213313 67071498
67219457 67112549
67227649 67216858
67239937 67229997
67270657 67268738
67276801 67266404
67280897 67241714

params 2048 27
134246401 133790779
134250497 134135298
134275073 134087896
134330369 134299198
134336513 133833692
134342657 134145980
134348801 134322717
134387713 134360785
134397953 134110079
134400001 134385871

params 2048 28
268441601 267616248
268460033 268402771
268496897 268464131
268515329 268214804
268564481 268516710
268576769 268146522
268582913 267990792
268597249 268566368
268613633 268438057
268640257 268490929

params 2048 29
536881153 536049750
536903681 536842487
536924161 536750276
536952833 536858047
536973313 536954772
536977409 536764423
536989697 536234621
537026561 536891888
537047041 536975724
537069569 536037437

params 2048 30
1073750017 1072754495
1073754113 1073701136
1073815553 1073405688
1073842177 1073735989
1073846273 1072857780
1073872897 1072800557
1073907713 1073712189
1073950721 1073498046
1073952769 1072472829
1073958913 1073096938

params 4096 15
40961 40933
61441 61422
65537 65516
86017 85982
114689 114685
147457 147416
151553 151480
163841 163803
176129 176041
184321 184176

params 4096 16
65537 65516
86017 85982
114689 114685
147457 147416
151553 151480
163841 163803
176129 176041
184321 184176
188417 188288
249857 249672

params 4096 17
147457 147416
151553 151480
163841 163803
176129 176041
184321 184176
188417 188288
249857 249672
270337 270223
286721 286702
307201 307160

params 4096 18
270337 270223
286721 286702
307201 307160
319489 319487
331777 331391
380929 380732
417793 417536
430081 429604
471041 470727
495617 495393

params 4096 19
557057 556991
577537 577423
638977 638899
643073 642526
667649 667636
675841 675549
724993 724715
737281 737201
765953 764262
778241 778088

params 4096 20
1073153 1072218
1093633 1093429
1097729 1097320
1130497 1130135
1146881 1146423
1179649 1179447
1191937 1190600
1196033 1194958
1253377 1252829
1318913 1318625

params 4096 21
2101249 2100064
2236417 2234900
2277377 2277049
2297857 2296463
2314241 2312623
2363393 2363058
2387969 2386717
2424833 2424294
2437121 2433475
2469889 2469459

params 4096 22
4206593 4205964
4263937 4257780
4300801 4300738
4304897 4302916
4366337 4366252
4423681 4420414
4427777 4427102
4435969 4434726
4452353 4451682
4464641 4462857

params 4096 23
8404993 8402306
8441857 8441828
8466433 8459937
8519681 8514570
8527873 8525598
8650753 8641125
8667137 8665406
8716289 8715730
8753153 8743671
8814593 8814022

params 4096 24
16801793 16797497
16863233 16858694
16900097 16894091
16957441 16957208
16986113 16978310
17006593 16993709
17010689 17002985
17059841 17058462
17129473 17127589
17182721 17166921

params 4096 25
33574913 33574710
33673217 33667089
33681409 33667018
33697793 33680549
33710081 33702131
33730561 33724384
33832961 33819886
33878017 33846004
33918977 33889339
33939457 33926360

params 4096 26
67153921 67130294
67219457 67172730
67227649 67125261
67239937 67231786
67276801 67199751
67280897 67209727
67342337 67316910
67411969 67411481
67424257 67359829
67452929 67444537

params 4096 27
134246401 134159814
134250497 134217827
134275073 134030701
134336513 134334449
134348801 134293389
134397953 134396276
134443009 134389182
134483969 134274814
134492161 134445823
134516737 134482934

params 4096 28
268460033 268362228
268496897 268429708
268582913 268375719
268640257 268187956
268664833 268657140
268677121 268564361
268689409 268526345
268718081 268592973
268730369 268495305
268779521 268677838

params 4096 29
536903681 536776083
536924161 536888855
536952833 536708205
536973313 536881973
536977409 536931461
536989697 536273688
537026561 536734969
537047041 536975111
537071617 536343495
537120769 536957289

params 4096 30
1073750017 1073185174
1073754113 1073705673
1073815553 1073320937
1073872897 1073684343
1073950721 1073918688
1073958913 1073853598
1073971201 1073712027
1073983489 1073322272
1074094081 1074077260
1074196481 1074193609

params 8192 15
40961 40949
65537 65524
114689 114687
147457 147392
163841 163816
188417 188372
270337 270324
286721 286673
319489 319386
417793 417726

params 8192 16
65537 65524
114689 114687
147457 147392
163841 163816
188417 188372
270337 270324
286721 286673
319489 319386
417793 417726
557057 556583

params 8192 17
147457 147392
163841 163816
188417 188372
270337 270324
286721 286673
319489 319386
417793 417726
557057 556583
638977 638890
737281 737185

params 8192 18
270337 270324
286721 286673
319489 319386
417793 417726
557057 556583
638977 638890
737281 737185
778241 778155
786433 785629
925697 925634

params 8192 19
557057 556583
638977 638890
737281 737185
778241 778155
786433 785629
925697 925634
974849 974354
1032193 1031999
1073153 1072866
1097729 1097323

params 8192 20
1073153 1072866
1097729 1097323
1130497 1130336
1146881 1146243
1179649 1179173
1196033 1195828
1253377 1252887
1318913 1318466
1376257 1375721
1417217 1417130

params 8192 21
2236417 2236038
2277377 2277118
2424833 2421220
2482177 2481073
2572289 2572201
2654209 2654040
2752513 2752379
2768897 2768783
2875393 2874441
3022849 3021853

params 8192 22
4300801 4297208
4366337 4365263
4423681 4423200
4464641 4464233
4513793 4513360
4595713 4594411
4620289 4619528
4694017 4691398
4759553 4759042
4816897 4816734

params 8192 23
8404993 8404818
8519681 8519197
8527873 8526654
8650753 8646002
8667137 8664566
8716289 8715495
8814593 8812906
9011201 9010464
9019393 9019061
9035777 9034932

params 8192 24
16801793 16799403
16900097 16893488
16957441 16957281
17006593 17004979
17129473 17125154
17252353 17251293
17276929 17271404
17367041 17365643
17375233 17375092
17391617 17384126

params 8192 25
33710081 33684261
33832961 33831896
33939457 33928054
34037761 34033584
34062337 34057117
34160641 34149006
34308097 34301803
34324481 34295371
34357249 34341635
34496513 34486520

params 8192 26
67239937 67212861
67280897 67270923
67411969 67402606
67452929 67430288
67502081 67486426
67510273 67490559
67584001 67572995
67649537 67637483
67657729 67638284
67731457 67726598

params 8192 27
134250497 134217491
134275073 134266852
134348801 134331067
134397953 134392413
134520833 134442663
134701057 134681214
134823937 134655943
134848513 134840629
134864897 134855806
134922241 134891078

params 8192 28
268460033 268382943
268582913 268571880
268640257 268587418
268664833 268649020
268689409 268670341
268730369 268721568
268779521 268736354
268787713 268708618
268804097 268770873
268861441 268817849

params 8192 29
536903681 536668007
536952833 536836385
536977409 536973454
537026561 536788344
537133057 536892410
537149441 537094610
537272321 537236599
537296897 537104710
537444353 537374535
537542657 537446583

params 8192 30
1073750017 1073550597
1073815553 1073621090
1073872897 1073613800
1073971201 1073766756
1074094081 1073816385
1074266113 1073905720
1074282497 1073959306
1074429953 1074428704
1074503681 1074350672
1074610177 1074196128

params 16384 15
65537 65522
114689 114674
147457 147435
163841 163836
557057 556789
638977 638957
737281 737210
786433 786390
1032193 1032099
1097729 1097554

params 16384 16
65537 65522
114689 114674
147457 147435
163841 163836
557057 556789
638977 638957
737281 737210
786433 786390
1032193 1032099
1097729 1097554

params 16384 17
147457 147435
163841 163836
557057 556789
638977 638957
737281 737210
786433 786390
1032193 1032099
1097729 1097554
1130497 1130411
1146881 1146504

params 16384 18
557057 556789
638977 638957
737281 737210
786433 786390
1032193 1032099
1097729 1097554
1130497 1130411
1146881 1146504
1179649 1179312
1196033 1196002

params 16384 19
557057 556789
638977 638957
737281 737210
786433 786390
1032193 1032099
1097729 1097554
1130497 1130411
1146881 1146504
1179649 1179312
1196033 1196002

params 16384 20
1097729 1097554
1130497 1130411
1146881 1146504
1179649 1179312
1196033 1196002
1376257 1376184
1589249 1589227
1720321 1719505
1769473 1769166
1785857 1785414

params 16384 21
2277377 2277357
2424833 2424556
2572289 2572152
2654209 2654196
2752513 2751956
2768897 2768744
3194881 3194705
3260417 3260022
3391489 3391467
3489793 3488914

params 16384 22
4423681 4423470
4620289 4619356
4816897 4816840
4866049 4864766
4882433 4882267
5308417 5307625
5324801 5324577
5767169 5766621
5849089 5847310
5865473 5864095

params 16384 23
8404993 8404721
8519681 8519659
8650753 8650251
8667137 8665164
8716289 8715200
8814593 8813378
9011201 9010706
9093121 9092136
9338881 9335280
9453569 9450569

params 16384 24
16957441 16956495
17006593 17005917
17252353 17251224
17367041 17357311
17416193 17415878
17448961 17448540
17907713 17904316
18006017 18002798
18137089 18136005
18333697 18327681

params 16384 25
33832961 33830275
34062337 34053083
34160641 34156989
34308097 34306646
34324481 34319488
34357249 34356177
34570241 34565245
34652161 34636085
34848769 34847424
34897921 34893301

params 16384 26
67239937 67239075
67452929 67449205
67502081 67501118
67584001 67579287
67649537 67639459
67731457 67726700
68190209 68188869
68485121 68480661
68567041 68566676
68681729 68660569

params 16384 27
134250497 134248340
134348801 134338880
134397953 134379049
134823937 134794824
134922241 134894304
134987777 134964862
135118849 135111676
135135233 135127243
135217153 135185082
135806977 135797387

params 16384 28
268582913 268567126
268664833 268633498
268730369 268728691
268779521 268762871
268861441 268820549
269221889 269219443
269402113 269383126
269844481 269743623
269991937 269989566
270237697 270197590

params 16384 29
536903681 536825675
536952833 536951244
537133057 537099506
537149441 537145338
537296897 537277856
537444353 537369917
537542657 537453876
537591809 537537375
537673729 537669089
537722881 537702861

params 16384 30
1073872897 1073627163
1073971201 1073837143
1074266113 1073919768
1074282497 1074183407
1074429953 1074414524
1074610177 1074563002
1075003393 1074859631
1075363841 1075349225
1075560449 1075293194
1075937281 1075669338

params 32768 15
65537 65528
163841 163834
557057 557038
786433 786424
1146881 1146828
1179649 1179580
1376257 1376135
1769473 1769308
2424833 2424414
2654209 2654120

params 32768 16
65537 65528
163841 163834
557057 557038
786433 786424
1146881 1146828
1179649 1179580
1376257 1376135
1769473 1769308
2424833 2424414
2654209 2654120

params 32768 17
163841 163834
557057 557038
786433 786424
1146881 1146828
1179649 1179580
1376257 1376135
1769473 1769308
2424833 2424414
2654209 2654120
2752513 2752312

params 32768 18
557057 557038
786433 786424
1146881 1146828
1179649 1179580
1376257 1376135
1769473 1769308
2424833 2424414
2654209 2654120
2752513 2752312
3604481 3604364

params 32768 19
557057 557038
786433 786424
1146881 1146828
1179649 1179580
1376257 1376135
1769473 1769308
2424833 2424414
2654209 2654120
2752513 2752312
3604481 3604364

params 32768 20
1146881 1146828
1179649 1179580
1376257 1376135
1769473 1769308
2424833 2424414
2654209 2654120
2752513 2752312
3604481 3604364
3735553 3735526
4423681 4423555

params 32768 21
2424833 2424414
2654209 2654120
2752513 2752312
3604481 3604364
3735553 3735526
4423681 4423555
4620289 4620130
4816897 4816844
4882433 4882402
5308417 5307333

params 32768 22
4423681 4423555
4620289 4620130
4816897 4816844
4882433 4882402
5308417 5307333
5767169 5767069
5865473 5865170
6258689 6257804
6455297 6455178
6684673 6684217

params 32768 23
8519681 8519506
8650753 8650558
8716289 8716256
8814593 8814382
9011201 9010122
9338881 9338187
9502721 9502086
9732097 9731988
10027009 10026235
10223617 10223424

params 32768 24
17006593 17006567
17367041 17366262
18382849 18379701
18644993 18644786
18841601 18841139
19070977 19069324
19529729 19528644
19824641 19824398
20054017 20052680
20119553 20118782

params 32768 25
34308097 34306874
34570241 34567306
34897921 34895900
35094529 35091120
35389441 35388658
35454977 35453031
35684353 35683861
35880961 35879578
35946497 35944772
36175873 36175045

params 32768 26
67239937 67231491
67502081 67493730
67731457 67727795
68190209 68172507
68485121 68483455
68681729 68681315
68976641 68976315
69206017 69201599
69304321 69292268
69763073 69761220

params 32768 27
134250497 134222321
134348801 134323225
135135233 135128596
135823361 135814582
136314881 136301874
136511489 136505174
136609793 136592359
136937473 136933317
137199617 137185797
137297921 137294743

params 32768 28
268664833 268662810
268730369 268720627
268861441 268860649
269221889 269214325
269844481 269840777
270237697 270232520
270499841 270484605
270532609 270524838
270794753 270780132
271286273 271256045

params 32768 29
536903681 536874549
537133057 537128519
537296897 537194528
537591809 537549317
537722881 537699283
537886721 537824596
538116097 538045233
538411009 538397402
538673153 538553472
539394049 539354946

params 32768 30
1073872897 1073865323
1073971201 1073887090
1074266113 1074187732
1074429953 1074336934
1075937281 1075925076
1076002817 1075910585
1076789249 1076755750
1076920321 1076819915
1077477377 1077432289
1077706753 1077599685

